0 0.0
1 0.01745240643
2 0.0348994967
3 0.05233595624
4 0.0697564737
5 0.0871557427
6 0.104528463
7 0.12186934
8 0.1391731006
9 0.1564344652
10 0.173648177
11 0.1908089937
12 0.2079116908
13 0.2249510543
14 0.2419218956
15 0.2588190451
16 0.2756373558
17 0.2923717047
18 0.3090169944
19 0.325568154
20 0.3420201433
21 0.3583679495
22 0.3746065934
23 0.3907311285
24 0.4067366431
25 0.4226182617
26 0.4383711468
27 0.4539904997
28 0.4694715628
29 0.4848096202
30 0.500000000
31 0.5150380749
32 0.5299192642
33 0.544639035
34 0.5591929035
35 0.573576436
36 0.5877852522
37 0.6018150232
38 0.615661475
39 0.629320391
40 0.6427876106
41 0.6560590292
42 0.669130606
43 0.6819983601
44 0.6946583705
45 0.7071067812
46 0.7193398003
47 0.7313537039
48 0.7431448255
49 0.7547095802
50 0.7660444431
51 0.7771459615
52 0.7880107536
53 0.7986355148
54 0.8090169944
55 0.8191520443
56 0.8290375725
57 0.8386705679
58 0.8480480962
59 0.8571673007
60 0.8660254038
61 0.874619707
62 0.8829475929
63 0.8910065242
64 0.8987940463
65 0.9063077869
66 0.913545457
67 0.920504853
68 0.9271838546
69 0.9335804265
70 0.939692621
71 0.9455185755
72 0.9510565163
73 0.9563047559
74 0.9612616959
75 0.9659258263
76 0.9702957263
77 0.9743700648
78 0.9781476007
79 0.981627183
80 0.984807753
81 0.9876883406
82 0.9902680687
83 0.9925461516
84 0.994521895
85 0.9961946981
86 0.9975640503
87 0.9986295348
88 0.999390827
89 0.999847695
90 0.9999906898